Canvas Size: 500 500
Arena Size: 25 25
Predator: 6 16.186247460575835 17.99337630874109 121.2125939701812
Prey: 7 2.2182918903132673 1.3195308944422393 173.44723455028546
Prey: 8 0.8204345691569445 19.09012568865129 60.56172764867901
Obstacle: 5.0 13.0 0.2 0.2
Obstacle: 12.0 19.0 0.2 0.2
Obstacle: 17.0 19.0 0.2 0.2
Obstacle: 1.0 9.0 0.2 0.2
